0111000000000000000000000000000000000000000000000000000000000011
101011000000000000000000010000000000000000
010010000000000000000000010000000001000000
010001000000000000000000000000000000000000
111000000000000010000000000000000000010000
110100000000000000000000000000000000000000
000000000001000000000000100000000000000000
000000000001101000000000000000000000000000
000000000100001000100000000000000000000000
000000001000111000000000000000000000000000
000000000001110000000000000000001000000000
000000110010100000000000000000000000000000
000000010111010000000000000000000000000000
000000000110100000000000000000000000000000
000000011100000000000000000000000000000000
000000000000000011000000000000000000000000
000010000000000101100000000000000000000000
000000000000000110100000000000000000000000
000000001000000011000000000000000000000000
000000000000000000001100010001000000100000
000000000000000000010100001111000000000000
000000000000000000011000010100000000000000
000000000000000000000000101010100000000000
000000000000000000000000101000000000000000
000000100000000000000011001000100000000000
011000000000000000010100000000000001100000
000000000000000000001011100010000000000000
000000000000000000001100000000000000000100
000000000000000000001010001001100000000000
000000000000000000011000000010000000100000
000000000000000000000010100010000000000000
000000000000000000000000000000001110010000
000000000010000000000000000000010010000000
000000000000000000000000000000010011110000
000000000000000000000000000000011100100000
001000000000000000000000010000000100110000
000000000000000000010000010001000111000000
000010000000000000000000000000010101000000
000000000000000000000000000000000000000011
000000000000000000000000000100000000000010
000000000000000000000000000000000000001101
000000000000000000000000000000000000001010