0.592 0.901
0.750 0.911
0.760 0.827
0.640 0.790
0.515 0.772
0.400 0.787
0.320 0.876
0.230 0.720
0.400 0.671
0.600 0.670
0.640 0.733
0.400 0.604
0.230 0.588
0.200 0.495
0.300 0.510
0.280 0.450
0.350 0.405
0.270 0.375
0.250 0.320
0.340 0.335
0.430 0.375
0.440 0.440
0.520 0.410
0.480 0.490
0.450 0.540
0.600 0.500
0.700 0.570
0.680 0.470
0.770 0.470
0.750 0.420
0.750 0.365
0.620 0.370
0.620 0.305
0.500 0.260
0.500 0.335
0.300 0.270
0.320 0.200
0.220 0.170
0.240 0.100
0.170 0.060
0.410 0.160
0.400 0.080
0.550 0.090
0.760 0.100
0.580 0.200
0.700 0.250
0.800 0.250
0.700 0.190