0.522 0.425
0.594 0.480
0.525 0.620
0.608 0.286
0.445 0.550
0.525 0.267
0.069 0.879
0.117 0.811
0.113 0.602
0.172 0.700
0.350 0.938
0.146 0.890
0.189 0.809
0.251 0.814
0.103 0.716
0.236 0.192
0.279 0.338
0.228 0.304
0.219 0.473
0.653 0.744
0.774 0.661
0.710 0.592
0.776 0.812
0.898 0.682
0.871 0.876
0.588 0.669
0.783 0.750
0.797 0.539
0.702 0.881
0.650 0.846
0.785 0.885
0.442 0.807
0.409 0.877
0.494 0.798
0.496 0.861
0.523 0.736
0.558 0.811
0.459 0.741
0.929 0.229
0.830 0.418
0.934 0.384
0.852 0.216